KNN: 0.883683 (0.041861)
RanF: 0.896256 (0.045262)
ExtraTree: 0.892662 (0.045253)
GBoost: 0.895911 (0.069012)
AdaBoost: 0.877711 (0.060083)
DesTree: 0.891632 (0.044657)